2.9898655602322513e-10
6.016800785358447e-10
9.118304824656606e-10
1.2332769851148478e-09
1.5699954872862619e-09
1.9261475637860647e-09
2.3061316637876854e-09
2.7146371471504364e-09
3.1567018159898746e-09
3.6377736419735752e-09
4.163777439438102e-09
4.741187293063806e-09
5.3771056171838696e-09
6.079349802637489e-09
6.85654749732273e-09
7.718241669314545e-09
8.675006717786303e-09
9.73857702836661e-09
1.0921989517510016e-08
1.2239741876685886e-08
1.3707968413631214e-08
1.534463559674187e-08
1.7169759642322485e-08
1.9205648745593787e-08
2.1477172848100437e-08
2.4012064159856135e-08
2.6841252017978932e-08
2.999923606891317e-08
3.352450221328849e-08
3.745998625624658e-08
4.185359076747708e-08
4.675876128070482e-08
5.2235128659148194e-08
5.834922522951414e-08
6.517528315129865e-08
7.27961244504021e-08
8.130415321733286e-08
9.080246166276526e-08
1.0140606305050837e-07
1.13243266005099e-07
1.2645720633500144e-07
1.4120755434137572e-07
1.5767241761721524e-07
1.7605046160529157e-07
1.9656327270123406e-07
2.19457991488483e-07
2.450102468061475e-07
2.7352742481378957e-07
3.0535231106745827e-07
3.4086714790175825e-07
3.8049815417087664e-07
4.247205596900064e-07
4.74064212595923e-07
5.291198243763702e-07
5.905459245741773e-07
6.590766052332295e-07
7.355301441076769e-07
8.208186056007466e-07
9.159585294433454e-07
1.022082829385028e-06
1.1404540377834192e-06
1.2724790470894945e-06
1.419725515997548e-06
1.5839401266398026e-06
1.767068899854962e-06
1.9712797984672093e-06
2.1989878739198325e-06
2.452883239784092e-06
2.7359621869053503e-06
3.05156178958215e-06
3.4033983905611163e-06
3.7956103951700235e-06
4.232805852043161e-06
4.7201153501024214e-06
5.263250819279605e-06
5.868570886489812e-06
6.543153509242428e-06
7.294876687720656e-06
8.132508142960465e-06
9.065804944782201e-06
1.0105624179326181e-05
1.1264045863465496e-05
1.2554509443166546e-05
1.3991965356305223e-05
1.5593043298912176e-05
1.7376239008836896e-05
1.9362121574056654e-05
2.1573563486141484e-05
2.4035995894722408e-05
2.677769177838757e-05
2.9830080033644372e-05
3.3228093799050925e-05
3.701055667919187e-05
4.122061091596472e-05
4.590619197604466e-05
5.112055448709814e-05
5.692285496533054e-05
6.337879733763597e-05
7.056134787769111e-05
7.855152685191466e-05
8.743928491383077e-05
9.732447309999777e-05
0.0001083179161737307
0.00012054260004127726
0.0001341349850363332
0.00014924645804076573
0.00016604493769065083
0.00018471664831628772
0.000205468079792344
0.0002285281521399018
0.0002541506055366443
0.0002826166383660165
0.0003142378180826785
0.0003493592920021453
0.00038836332764976856
0.0004316732150410072
0.00047975756622426917
0.0005331350506124692
0.0005923796080726032
0.0006581261854463646
0.0007310770461505992
0.0008120087067644897
0.0009017795590593584
0.0010013382407732408
0.0011117328235792391
0.0012341208921437118
0.0013697805939123227
0.0015201227452875897
0.0016867040861521267
0.0018712417812194457
0.0020756292734199554
0.0023019536014012762
0.0025525143001704047
0.002829844010842474
0.003136730932275296
0.0034762432539212577
0.0038517557153462476
0.004266978443337728
0.004725988222093473
0.00523326235533708
0.005793715280970387
0.006412738098596003
0.0070962411673866355
0.007850699925701142
0.00868320407378943
0.009601510245989701
0.010614098277940132
0.011730231146252683
0.01296001862136213
0.014314484627148098
0.015805638241422098
0.017446548197129562
0.019251420652408226
0.02123567988529742
0.023416051432231244
0.025810647024220375
0.028439050475927433
0.031322403445024675
0.034483489695815016
0.03794681616469213
0.04173868872717556
0.045887280097413705
0.050422686740401686
0.055376971032609655
0.06078418415479389
0.066680364326648
0.0731035039805386
0.08009347830367684
0.08769192623682508
0.0959420734851166
0.10488848535590001
0.11457673527552292
0.12505297264266949
0.13636337125024928
0.14855343686540182
0.16166714973504046
0.1757459148540101
0.1908272899172784
0.2069434581753326
0.22411941123254386
0.242370805641237
0.2617014576486105
0.28210044367403164
0.3035387815107328
0.3259656809651253
0.3493043756143812
0.3734475836033695
0.3982527002370699
0.423536905243374
0.4490724806962822
0.47458278916107416
0.49973955975085155
0.5241623669081159
0.5474214365664272
0.569045113497388
0.588533353343506
0.6053782822810589
0.6190919872366891
0.6292401342540693
0.6354779172440919
0.6375828360732566
0.635477917244092
0.6292401342540697
0.6190919872366895
0.6053782822810594
0.5885333533435065
0.5690451134973886
0.547421436566428
0.5241623669081167
0.4997395597508523
0.4745827891610748
0.44907248069628286
0.42353690524337456
0.39825270023707027
0.3734475836033699
0.3493043756143815
0.3259656809651254
0.3035387815107328
0.2821004436740316
0.26170145764861047
0.24237080564123686
0.22411941123254372
0.20694345817533247
0.1908272899172782
0.17574591485400984
0.1616671497350402
0.14855343686540157
0.136363371250249
0.1250529726426692
0.11457673527552265
0.10488848535589974
0.09594207348511632
0.0876919262368248
0.08009347830367658
0.07310350398053833
0.06668036432664776
0.06078418415479366
0.05537697103260943
0.05042268674040146
0.045887280097413476
0.04173868872717535
0.03794681616469192
0.03448348969581483
0.03132240344502449
0.028439050475927267
0.02581064702422022
0.023416051432231088
0.02123567988529727
0.019251420652408077
0.017446548197129423
0.015805638241421963
0.014314484627147968
0.012960018621362002
0.011730231146252556
0.010614098277940007
0.00960151024598958
0.008683204073789304
0.007850699925701018
0.00709624116738651
0.006412738098595875
0.005793715280970256
0.005233262355336943
0.00472598822209333
0.004266978443337576
0.0038517557153460876
0.003476243253921086
0.003136730932275111
0.0028298440108422748
0.0025525143001701887
0.0023019536014010425
0.0020756292734197012
0.0018712417812191684
0.0016867040861518231
0.0015201227452872567
0.0013697805939119569
0.001234120892143309
0.0011117328235787957
0.0010013382407727514
0.0009017795590588177
0.000812008706763892
0.0007310770461499383
0.0006581261854456327
0.0005923796080717927
0.0005331350506115709
0.0004797575662232734
0.000431673215039903
0.0003883633276485436
0.00034935929200078617
0.00031423781808116995
0.00028261663836434177
0.0002541506055347847
0.00022852815213783665
0.00020546807979005005
0.00018471664831373923
0.00016604493768781909
0.00014924645803761875
0.00013413498503283544
0.00012054260003738909
0.00010831791616940802
9.732447309519145e-05
8.743928490848609e-05
7.855152684597065e-05
7.056134787107983e-05
6.33787973302818e-05
5.6922854957149125e-05
5.1120554477995546e-05
4.590619196591621e-05
4.122061090469375e-05
3.7010556666648344e-05
3.322809378508993e-05
2.983008001810437e-05
2.677769176108851e-05
2.403599587546358e-05
2.1573563464699126e-05
1.9362121550181302e-05
1.7376238982250416e-05
1.559304326930444e-05
1.3991965323330433e-05
1.25545094064391e-05
1.1264045822555375e-05
1.0105624133753818e-05
9.065804894012747e-06
8.132508086397382e-06
7.294876624698573e-06
6.543153439019165e-06
5.868570808237471e-06
5.26325073207463e-06
4.7201152529144955e-06
4.2328057437228195e-06
3.7956102744348145e-06
3.4033982559801535e-06
3.051561639558865e-06
2.7359620196582307e-06
2.452883053325176e-06
2.1989876660306948e-06
1.9712795666721413e-06
1.7670686413910229e-06
1.5839398384233721e-06
1.4197251945869736e-06
1.2724786886433707e-06
1.1404536380139954e-06
1.0220823835061645e-06
9.159580321123858e-07
8.208180508535884e-07
7.355295252862465e-07
6.590759149044675e-07
5.905451544395385e-07
5.291189651707266e-07
4.7406325397462427e-07
4.2471949010270683e-07
3.8049696072057605e-07
3.408658161873176e-07
3.053508250076498e-07
2.735257664507099e-07
2.4500839608556907e-07
2.1945592601443053e-07
1.965609674617556e-07
1.7604788866603514e-07
1.576695457790233e-07
1.4120434875766233e-07
1.2645362808417882e-07
1.1323927161276037e-07
1.0140160395545076e-07
9.079748362023754e-08
8.129859563211362e-08
7.278991963143883e-08
6.516835547866422e-08
5.834149022334461e-08
5.222649193900536e-08
4.674911740244223e-08
4.184282192316139e-08
3.744796082097937e-08
3.3511073120864304e-08
2.9984238996114335e-08
2.6824503354920176e-08
2.3993358741121e-08
2.145628141642494e-08
1.91823151165119e-08
1.7143697534451916e-08
1.5315525088209317e-08
1.3675451980462361e-08
1.2203419963757121e-08
1.0881415586811138e-08
9.693252022782795e-09
8.624372871291079e-09
7.661675586281556e-09
6.7933524145093376e-09
6.008746937152898e-09
5.298224492299207e-09
4.653054920907268e-09
4.065306225283475e-09
3.5277478587944466e-09
3.0337624800125123e-09
2.577265105069517e-09
2.152628679857652e-09
1.754615169883656e-09
1.3783113309398063e-09
1.0190683790586181e-09
6.724448241060529e-10
3.341517683663368e-10